a[0]=3.000000
a[1]=2.000000
a[2]=-0.275027
a[3]=1.871715
a[4]=-0.567971
a[5]=1.798059
a[6]=-0.763234
a[7]=1.696891
a[8]=-0.817023
a[9]=1.676455
a[10]=-0.834574
a[11]=1.665917
a[12]=-0.835988
a[13]=1.665925
a[14]=-0.836944
a[15]=1.665214
a[16]=-0.836877
a[17]=1.665331
a[18]=-0.836949
a[19]=1.665267
a[20]=-0.836933
