a[0]=3.000000
a[1]=2.000000
a[2]=-0.275027
a[3]=1.871715
a[4]=-0.567971
a[5]=1.798059
a[6]=-0.763234
a[7]=1.696891
a[8]=-0.817023
a[9]=1.676455
